/*
 * stp_table.c
 *
 *  Created on: 2018-9-22
 *      Author: handsomelee
 */

#include "stp_table.h"

stp_int32 hann_win_32x1[32] = {
        0,
        10315824,
        40866864,
        90479064,
        157245856,
        238601408,
        331419296,
        432132608,
        536870912,
        641609216,
        742322496,
        835140416,
        916496000,
        983262784,
        1032874944,
        1063425984,
        1073741823,
        1063425984,
        1032874944,
        983262784,
        916496000,
        835140416,
        742322496,
        641609216,
        536870912,
        432132608,
        331419296,
        238601408,
        157245856,
        90479064,
        40866864,
        10315824
};

stp_int32 hann_win_32x32[32*32] = {
        0,0,0,0,0,0,0,0,0,0,0,0,0,0,0,0,0,0,0,0,0,0,0,0,0,0,0,0,0,0,0,0,
        0,112481,445318,984885,1709092,2588291,3586486,4662811,5773201,6872198,7914807,8858344,9664182,10299328,10737779,10961587,10961587,10737779,10299328,9664182,8858344,7914807,6872198,5773201,4662811,3586486,2588291,1709092,984885,445318,112481,0,
        0,445318,1763040,3899219,6766399,10247198,14199111,18460347,22856449,27207442,31335194,35070716,38261074,40775655,42511512,43397578,43397578,42511512,40775655,38261074,35070716,31335194,27207442,22856449,18460347,14199111,10247198,6766399,3899219,1763040,445318,0,
        0,984885,3899219,8623689,14964874,22663165,31403394,40827735,50550354,60173205,69302328,77563976,84619916,90181277,94020376,95980040,95980040,94020376,90181277,84619916,77563976,69302328,60173205,50550354,40827735,31403394,22663165,14964874,8623689,3899219,984885,0,
        0,1709092,6766399,14964874,25968869,39327881,54494990,70849252,87721123,104419865,120261831,134598447,146842773,156493523,163155595,166556242,166556242,163155595,156493523,146842773,134598447,120261831,104419865,87721123,70849252,54494990,39327881,25968869,14964874,6766399,1709092,0,
        0,2588291,10247198,22663165,39327881,59559091,82528526,107295814,132846981,158135959,182127413,203839131,222382232,236997561,247086762,252236784,252236784,247086762,236997561,222382232,203839131,182127413,158135959,132846981,107295814,82528526,59559091,39327881,22663165,10247198,2588291,0,
        0,3586486,14199111,31403394,54494990,82528526,114356305,148675294,184080471,219122343,252366291,282451305,308145700,328397546,342377728,349513897,349513897,342377728,328397546,308145700,282451305,252366291,219122343,184080471,148675294,114356305,82528526,54494990,31403394,14199111,3586486,0,
        0,4662811,18460347,40827735,70849252,107295814,148675294,193293612,239324087,284882228,328102878,367216578,400622010,426951552,445127268,454405042,454405042,445127268,426951552,400622010,367216578,328102878,284882228,239324087,193293612,148675294,107295814,70849252,40827735,18460347,4662811,0,
        0,5773201,22856449,50550354,87721123,132846981,184080471,239324087,296316149,352723396,406236507,454664650,496025172,528624767,551128804,562615965,562615965,551128804,528624767,496025172,454664650,406236507,352723396,296316149,239324087,184080471,132846981,87721123,50550354,22856449,5773201,0,
        0,6872198,27207442,60173205,104419865,158135959,219122343,284882228,352723396,419868421,483568380,541215387,590449367,629254677,656042620,669716497,669716497,656042620,629254677,590449367,541215387,483568380,419868421,352723396,284882228,219122343,158135959,104419865,60173205,27207442,6872198,0,
        0,7914807,31335194,69302328,120261831,182127413,252366291,328102878,406236507,483568380,556932520,623325390,680028860,724721481,755573534,771321931,771321931,755573534,724721481,680028860,623325390,556932520,483568380,406236507,328102878,252366291,182127413,120261831,69302328,31335194,7914807,0,
        0,8858344,35070716,77563976,134598447,203839131,282451305,367216578,454664650,541215387,623325390,697633068,761096254,811116759,845646737,863272527,863272527,845646737,811116759,761096254,697633068,623325390,541215387,454664650,367216578,282451305,203839131,134598447,77563976,35070716,8858344,0,
        0,9664182,38261074,84619916,146842773,222382232,308145700,400622010,496025172,590449367,680028860,761096254,830332642,884903476,922574622,941803818,941803818,922574622,884903476,830332642,761096254,680028860,590449367,496025172,400622010,308145700,222382232,146842773,84619916,38261074,9664182,0,
        0,10299328,40775655,90181277,156493523,236997561,328397546,426951552,528624767,629254677,724721481,811116759,884903476,943060797,983207753,1003700723,1003700723,983207753,943060797,884903476,811116759,724721481,629254677,528624767,426951552,328397546,236997561,156493523,90181277,40775655,10299328,0,
        0,10737779,42511512,94020376,163155595,247086762,342377728,445127268,551128804,656042620,755573534,845646737,922574622,983207753,1025063801,1046429176,1046429176,1025063801,983207753,922574622,845646737,755573534,656042620,551128804,445127268,342377728,247086762,163155595,94020376,42511512,10737779,0,
        0,10961587,43397578,95980040,166556242,252236784,349513897,454405042,562615965,669716497,771321931,863272527,941803818,1003700723,1046429176,1068239868,1068239868,1046429176,1003700723,941803818,863272527,771321931,669716497,562615965,454405042,349513897,252236784,166556242,95980040,43397578,10961587,0,
        0,10961587,43397578,95980040,166556242,252236784,349513897,454405042,562615965,669716497,771321931,863272527,941803818,1003700723,1046429176,1068239868,1068239868,1046429176,1003700723,941803818,863272527,771321931,669716497,562615965,454405042,349513897,252236784,166556242,95980040,43397578,10961587,0,
        0,10737779,42511512,94020376,163155595,247086762,342377728,445127268,551128804,656042620,755573534,845646737,922574622,983207753,1025063801,1046429176,1046429176,1025063801,983207753,922574622,845646737,755573534,656042620,551128804,445127268,342377728,247086762,163155595,94020376,42511512,10737779,0,
        0,10299328,40775655,90181277,156493523,236997561,328397546,426951552,528624767,629254677,724721481,811116759,884903476,943060797,983207753,1003700723,1003700723,983207753,943060797,884903476,811116759,724721481,629254677,528624767,426951552,328397546,236997561,156493523,90181277,40775655,10299328,0,
        0,9664182,38261074,84619916,146842773,222382232,308145700,400622010,496025172,590449367,680028860,761096254,830332642,884903476,922574622,941803818,941803818,922574622,884903476,830332642,761096254,680028860,590449367,496025172,400622010,308145700,222382232,146842773,84619916,38261074,9664182,0,
        0,8858344,35070716,77563976,134598447,203839131,282451305,367216578,454664650,541215387,623325390,697633068,761096254,811116759,845646737,863272527,863272527,845646737,811116759,761096254,697633068,623325390,541215387,454664650,367216578,282451305,203839131,134598447,77563976,35070716,8858344,0,
        0,7914807,31335194,69302328,120261831,182127413,252366291,328102878,406236507,483568380,556932520,623325390,680028860,724721481,755573534,771321931,771321931,755573534,724721481,680028860,623325390,556932520,483568380,406236507,328102878,252366291,182127413,120261831,69302328,31335194,7914807,0,
        0,6872198,27207442,60173205,104419865,158135959,219122343,284882228,352723396,419868421,483568380,541215387,590449367,629254677,656042620,669716497,669716497,656042620,629254677,590449367,541215387,483568380,419868421,352723396,284882228,219122343,158135959,104419865,60173205,27207442,6872198,0,
        0,5773201,22856449,50550354,87721123,132846981,184080471,239324087,296316149,352723396,406236507,454664650,496025172,528624767,551128804,562615965,562615965,551128804,528624767,496025172,454664650,406236507,352723396,296316149,239324087,184080471,132846981,87721123,50550354,22856449,5773201,0,
        0,4662811,18460347,40827735,70849252,107295814,148675294,193293612,239324087,284882228,328102878,367216578,400622010,426951552,445127268,454405042,454405042,445127268,426951552,400622010,367216578,328102878,284882228,239324087,193293612,148675294,107295814,70849252,40827735,18460347,4662811,0,
        0,3586486,14199111,31403394,54494990,82528526,114356305,148675294,184080471,219122343,252366291,282451305,308145700,328397546,342377728,349513897,349513897,342377728,328397546,308145700,282451305,252366291,219122343,184080471,148675294,114356305,82528526,54494990,31403394,14199111,3586486,0,
        0,2588291,10247198,22663165,39327881,59559091,82528526,107295814,132846981,158135959,182127413,203839131,222382232,236997561,247086762,252236784,252236784,247086762,236997561,222382232,203839131,182127413,158135959,132846981,107295814,82528526,59559091,39327881,22663165,10247198,2588291,0,
        0,1709092,6766399,14964874,25968869,39327881,54494990,70849252,87721123,104419865,120261831,134598447,146842773,156493523,163155595,166556242,166556242,163155595,156493523,146842773,134598447,120261831,104419865,87721123,70849252,54494990,39327881,25968869,14964874,6766399,1709092,0,
        0,984885,3899219,8623689,14964874,22663165,31403394,40827735,50550354,60173205,69302328,77563976,84619916,90181277,94020376,95980040,95980040,94020376,90181277,84619916,77563976,69302328,60173205,50550354,40827735,31403394,22663165,14964874,8623689,3899219,984885,0,
        0,445318,1763040,3899219,6766399,10247198,14199111,18460347,22856449,27207442,31335194,35070716,38261074,40775655,42511512,43397578,43397578,42511512,40775655,38261074,35070716,31335194,27207442,22856449,18460347,14199111,10247198,6766399,3899219,1763040,445318,0,
        0,112481,445318,984885,1709092,2588291,3586486,4662811,5773201,6872198,7914807,8858344,9664182,10299328,10737779,10961587,10961587,10737779,10299328,9664182,8858344,7914807,6872198,5773201,4662811,3586486,2588291,1709092,984885,445318,112481,0,
        0,0,0,0,0,0,0,0,0,0,0,0,0,0,0,0,0,0,0,0,0,0,0,0,0,0,0,0,0,0,0,0
};

stp_int32 hann_win_64x32[64*32] = {
        0,0,0,0,0,0,0,0,0,0,0,0,0,0,0,0,0,0,0,0,0,0,0,0,0,0,0,0,0,0,0,0,0,0,0,0,0,0,0,0,0,0,0,0,0,0,0,0,0,0,0,0,0,0,0,0,0,0,0,0,0,0,0,0,
        0,27305,108950,244123,431480,669159,954799,1285560,1658155,2068882,2513658,2988062,3487381,4006651,4540712,5084256,5631881,6178144,6717618,7244939,7754867,8242334,8702497,9130780,9522929,9875045,10183629,10445614,10658397,10819862,10928406,10982949,10982949,10928406,10819862,10658397,10445614,10183629,9875045,9522929,9130780,8702497,8242334,7754867,7244939,6717618,6178144,5631881,5084256,4540712,4006651,3487381,2988062,2513658,2068882,1658155,1285560,954799,669159,431480,244123,108950,27305,0,
        0,108103,431340,966496,1708253,2649241,3780105,5089609,6564736,8190828,9951722,11829918,13806750,15862572,17976951,20128874,22296954,24459644,26595450,28683145,30701982,32631895,34453705,36149305,37701845,39095893,40317596,41354811,42197231,42836482,43266213,43482151,43482151,43266213,42836482,42197231,41354811,40317596,39095893,37701845,36149305,34453705,32631895,30701982,28683145,26595450,24459644,22296954,20128874,17976951,15862572,13806750,11829918,9951722,8190828,6564736,5089609,3780105,2649241,1708253,966496,431340,108103,0,
        0,239087,953970,2137545,3778050,5859180,8360252,11256408,14518867,18115204,22009676,26163580,30535631,35082379,39758635,44517925,49312949,54096052,58819697,63436938,67901888,72170171,76199368,79949434,83383100,86466240,89168213,91462166,93325299,94739096,95689507,96167086,96167086,95689507,94739096,93325299,91462166,89168213,86466240,83383100,79949434,76199368,72170171,67901888,63436938,58819697,54096052,49312949,44517925,39758635,35082379,30535631,26163580,22009676,18115204,14518867,11256408,8360252,5859180,3778050,2137545,953970,239087,0,
        0,414892,1655445,3709329,6556132,10167562,14507726,19533489,25194904,31435705,38193868,45402227,52989142,60879211,68994020,77252919,85573828,93874050,102071093,110083492,117831616,125238460,132230413,138737984,144696499,150046739,154735531,158716276,161949412,164402805,166052074,166880826,166880826,166052074,164402805,161949412,158716276,154735531,150046739,144696499,138737984,132230413,125238460,117831616,110083492,102071093,93874050,85573828,77252919,68994020,60879211,52989142,45402227,38193868,31435705,25194904,19533489,14507726,10167562,6556132,3709329,1655445,414892,0,
        0,628322,2507045,5617497,9928765,15398000,21970849,29581986,38155770,47606989,57841713,68758226,80248033,92196944,104486206,116993681,129595066,142165122,154578922,166713092,178447037,189664141,200252922,210108145,219131863,227234396,234335215,240363752,245260090,248975568,251473260,252728343,252728343,251473260,248975568,245260090,240363752,234335215,227234396,219131863,210108145,200252922,189664141,178447037,166713092,154578922,142165122,129595066,116993681,104486206,92196944,80248033,68758226,57841713,47606989,38155770,29581986,21970849,15398000,9928765,5617497,2507045,628322,0,
        0,870640,3473907,7783929,13757871,21336361,30444081,40990514,52870844,65967001,80148828,95275380,111196322,127753425,144782138,162113221,179574429,196992226,214193507,231007315,247266550,262809618,277482046,291138014,303641800,314869139,324708446,333061935,339846585,344994966,348455913,350195029,350195029,348455913,344994966,339846585,333061935,324708446,314869139,303641800,291138014,277482046,262809618,247266550,231007315,214193507,196992226,179574429,162113221,144782138,127753425,111196322,95275380,80148828,65967001,52870844,40990514,30444081,21336361,13757871,7783929,3473907,870640,0,
        0,1131924,4516447,10119932,17886688,27739527,39580526,53292004,68737691,85764080,104201955,123868073,144566983,166092969,188232096,210764337,233465756,256110735,278474219,300333949,321472674,341680307,360756016,378510218,394766464,409363191,422155332,433015751,441836514,448529955,453029552,455290586,455290586,453029552,448529955,441836514,433015751,422155332,409363191,394766464,378510218,360756016,341680307,321472674,300333949,278474219,256110735,233465756,210764337,188232096,166092969,144566983,123868073,104201955,85764080,68737691,53292004,39580526,27739527,17886688,10119932,4516447,1131924,0,
        0,1401478,5591983,12529868,22146181,34345351,49006137,65982834,85106719,106187732,129016358,153365718,178993816,205645948,233057235,260955249,289062729,317100329,344789399,371854753,398027403,423047233,446665586,468647731,488775199,506847956,522686386,536133080,547054398,555341798,560912919,563712390,563712390,560912919,555341798,547054398,536133080,522686386,506847956,488775199,468647731,446665586,423047233,398027403,371854753,344789399,317100329,289062729,260955249,233057235,205645948,178993816,153365718,129016358,106187732,85106719,65982834,49006137,34345351,22146181,12529868,5591983,1401478,0,
        0,1668266,6656482,14915075,26361966,40883390,58335029,78543439,101307779,126401809,153576132,182560677,213067383,244793061,277422406,310631134,344089202,377464087,410424096,442641656,473796576,503579224,531693607,557860310,581819278,603332396,622185856,638192285,651192603,661057608,667689256,671021640,671021640,667689256,661057608,651192603,638192285,622185856,603332396,581819278,557860310,531693607,503579224,473796576,442641656,410424096,377464087,344089202,310631134,277422406,244793061,213067383,182560677,153576132,126401809,101307779,78543439,58335029,40883390,26361966,14915075,6656482,1668266,0,
        0,1921365,7666364,17177902,30361447,47085977,67185275,90459585,116677598,145578745,176875796,210257705,245392709,281931619,319511296,357758256,396292384,434730710,472691217,509796635,545678196,579979291,612359022,642495583,670089464,694866425,716580221,735015051,749987701,761349366,768987129,772825082,772825082,768987129,761349366,749987701,735015051,716580221,694866425,670089464,642495583,612359022,579979291,545678196,509796635,472691217,434730710,396292384,357758256,319511296,281931619,245392709,210257705,176875796,145578745,116677598,90459585,67185275,47085977,30361447,17177902,7666364,1921365,0,
        0,2150414,8580285,19225709,33980887,52699176,75194546,101243426,130586932,162933435,197961460,235322883,274646390,315541166,357600780,400407225,443535072,486555696,529041539,570570357,610729420,649119607,685359380,719088572,749971966,777702631,802004966,822637443,839395008,852111116,860659389,864954871,864954871,860659389,852111116,839395008,822637443,802004966,777702631,749971966,719088572,685359380,649119607,610729420,570570357,529041539,486555696,443535072,400407225,357600780,315541166,274646390,235322883,197961460,162933435,130586932,101243426,75194546,52699176,33980887,19225709,8580285,2150414,0,
        0,2346036,9360827,20974658,37072104,57493183,82034940,110453469,142466333,177755374,215969873,256730039,299630777,344245722,390131470,436831987,483883143,530817323,577168073,622474739,666287043,708169558,747706038,784503550,818196385,848449689,874962790,897472189,915754177,929627061,938952965,943639204,943639204,938952965,929627061,915754177,897472189,874962790,848449689,818196385,784503550,747706038,708169558,666287043,622474739,577168073,530817323,483883143,436831987,390131470,344245722,299630777,256730039,215969873,177755374,142466333,110453469,82034940,57493183,37072104,20974658,9360827,2346036,0,
        0,2500221,9976036,22353147,39508544,61271730,87426412,117712654,151829456,189437751,230163771,273602762,319323008,366870121,415771555,465541308,515684744,565703516,615100514,663384809,710076529,754711633,796846515,836062421,871969605,904211206,932466792,956455546,975939057,990723689,1000662507,1005656733,1005656733,1000662507,990723689,975939057,956455546,932466792,904211206,871969605,836062421,796846515,754711633,710076529,663384809,615100514,565703516,515684744,465541308,415771555,366870121,319323008,273602762,230163771,189437751,151829456,117712654,87426412,61271730,39508544,22353147,9976036,2500221,0,
        0,2606658,10400725,23304741,41190459,63880123,91148234,122723788,158292974,197502288,239962052,285250280,332916879,382488115,433471329,485359825,537637913,589786029,641285902,691625703,740305133,786840394,830768996,871654359,909090145,942704300,972162751,997172728,1017485670,1032899698,1043261620,1048468455,1048468455,1043261620,1032899698,1017485670,997172728,972162751,942704300,909090145,871654359,830768996,786840394,740305133,691625703,641285902,589786029,537637913,485359825,433471329,382488115,332916879,285250280,239962052,197502288,158292974,122723788,91148234,63880123,41190459,23304741,10400725,2606658,0,
        0,2660988,10617507,23790481,42048990,65211575,93048034,125281717,161592270,201618823,244963574,291195743,339855855,390460304,442506159,495476165,548843884,602078922,654652205,706041237,755735291,803240485,848084690,889822225,928038284,962353057,992425511,1017956770,1038693094,1054428396,1065006291,1070321652,1070321652,1065006291,1054428396,1038693094,1017956770,992425511,962353057,928038284,889822225,848084690,803240485,755735291,706041237,654652205,602078922,548843884,495476165,442506159,390460304,339855855,291195743,244963574,201618823,161592270,125281717,93048034,65211575,42048990,23790481,10617507,2660988,0,
        0,2660988,10617507,23790481,42048990,65211575,93048034,125281717,161592270,201618823,244963574,291195743,339855855,390460304,442506159,495476165,548843884,602078922,654652205,706041237,755735291,803240485,848084690,889822225,928038284,962353057,992425511,1017956770,1038693094,1054428396,1065006291,1070321652,1070321652,1065006291,1054428396,1038693094,1017956770,992425511,962353057,928038284,889822225,848084690,803240485,755735291,706041237,654652205,602078922,548843884,495476165,442506159,390460304,339855855,291195743,244963574,201618823,161592270,125281717,93048034,65211575,42048990,23790481,10617507,2660988,0,
        0,2606658,10400725,23304741,41190459,63880123,91148234,122723788,158292974,197502288,239962052,285250280,332916879,382488115,433471329,485359825,537637913,589786029,641285902,691625703,740305133,786840394,830768996,871654359,909090145,942704300,972162751,997172728,1017485670,1032899698,1043261620,1048468455,1048468455,1043261620,1032899698,1017485670,997172728,972162751,942704300,909090145,871654359,830768996,786840394,740305133,691625703,641285902,589786029,537637913,485359825,433471329,382488115,332916879,285250280,239962052,197502288,158292974,122723788,91148234,63880123,41190459,23304741,10400725,2606658,0,
        0,2500221,9976036,22353147,39508544,61271730,87426412,117712654,151829456,189437751,230163771,273602762,319323008,366870121,415771555,465541308,515684744,565703516,615100514,663384809,710076529,754711633,796846515,836062421,871969605,904211206,932466792,956455546,975939057,990723689,1000662507,1005656733,1005656733,1000662507,990723689,975939057,956455546,932466792,904211206,871969605,836062421,796846515,754711633,710076529,663384809,615100514,565703516,515684744,465541308,415771555,366870121,319323008,273602762,230163771,189437751,151829456,117712654,87426412,61271730,39508544,22353147,9976036,2500221,0,
        0,2346036,9360827,20974658,37072104,57493183,82034940,110453469,142466333,177755374,215969873,256730039,299630777,344245722,390131470,436831987,483883143,530817323,577168073,622474739,666287043,708169558,747706038,784503550,818196385,848449689,874962790,897472189,915754177,929627061,938952965,943639204,943639204,938952965,929627061,915754177,897472189,874962790,848449689,818196385,784503550,747706038,708169558,666287043,622474739,577168073,530817323,483883143,436831987,390131470,344245722,299630777,256730039,215969873,177755374,142466333,110453469,82034940,57493183,37072104,20974658,9360827,2346036,0,
        0,2150414,8580285,19225709,33980887,52699176,75194546,101243426,130586932,162933435,197961460,235322883,274646390,315541166,357600780,400407225,443535072,486555696,529041539,570570357,610729420,649119607,685359380,719088572,749971966,777702631,802004966,822637443,839395008,852111116,860659389,864954871,864954871,860659389,852111116,839395008,822637443,802004966,777702631,749971966,719088572,685359380,649119607,610729420,570570357,529041539,486555696,443535072,400407225,357600780,315541166,274646390,235322883,197961460,162933435,130586932,101243426,75194546,52699176,33980887,19225709,8580285,2150414,0,
        0,1921365,7666364,17177902,30361447,47085977,67185275,90459585,116677598,145578745,176875796,210257705,245392709,281931619,319511296,357758256,396292384,434730710,472691217,509796635,545678196,579979291,612359022,642495583,670089464,694866425,716580221,735015051,749987701,761349366,768987129,772825082,772825082,768987129,761349366,749987701,735015051,716580221,694866425,670089464,642495583,612359022,579979291,545678196,509796635,472691217,434730710,396292384,357758256,319511296,281931619,245392709,210257705,176875796,145578745,116677598,90459585,67185275,47085977,30361447,17177902,7666364,1921365,0,
        0,1668266,6656482,14915075,26361966,40883390,58335029,78543439,101307779,126401809,153576132,182560677,213067383,244793061,277422406,310631134,344089202,377464087,410424096,442641656,473796576,503579224,531693607,557860310,581819278,603332396,622185856,638192285,651192603,661057608,667689256,671021640,671021640,667689256,661057608,651192603,638192285,622185856,603332396,581819278,557860310,531693607,503579224,473796576,442641656,410424096,377464087,344089202,310631134,277422406,244793061,213067383,182560677,153576132,126401809,101307779,78543439,58335029,40883390,26361966,14915075,6656482,1668266,0,
        0,1401478,5591983,12529868,22146181,34345351,49006137,65982834,85106719,106187732,129016358,153365718,178993816,205645948,233057235,260955249,289062729,317100329,344789399,371854753,398027403,423047233,446665586,468647731,488775199,506847956,522686386,536133080,547054398,555341798,560912919,563712390,563712390,560912919,555341798,547054398,536133080,522686386,506847956,488775199,468647731,446665586,423047233,398027403,371854753,344789399,317100329,289062729,260955249,233057235,205645948,178993816,153365718,129016358,106187732,85106719,65982834,49006137,34345351,22146181,12529868,5591983,1401478,0,
        0,1131924,4516447,10119932,17886688,27739527,39580526,53292004,68737691,85764080,104201955,123868073,144566983,166092969,188232096,210764337,233465756,256110735,278474219,300333949,321472674,341680307,360756016,378510218,394766464,409363191,422155332,433015751,441836514,448529955,453029552,455290586,455290586,453029552,448529955,441836514,433015751,422155332,409363191,394766464,378510218,360756016,341680307,321472674,300333949,278474219,256110735,233465756,210764337,188232096,166092969,144566983,123868073,104201955,85764080,68737691,53292004,39580526,27739527,17886688,10119932,4516447,1131924,0,
        0,870640,3473907,7783929,13757871,21336361,30444081,40990514,52870844,65967001,80148828,95275380,111196322,127753425,144782138,162113221,179574429,196992226,214193507,231007315,247266550,262809618,277482046,291138014,303641800,314869139,324708446,333061935,339846585,344994966,348455913,350195029,350195029,348455913,344994966,339846585,333061935,324708446,314869139,303641800,291138014,277482046,262809618,247266550,231007315,214193507,196992226,179574429,162113221,144782138,127753425,111196322,95275380,80148828,65967001,52870844,40990514,30444081,21336361,13757871,7783929,3473907,870640,0,
        0,628322,2507045,5617497,9928765,15398000,21970849,29581986,38155770,47606989,57841713,68758226,80248033,92196944,104486206,116993681,129595066,142165122,154578922,166713092,178447037,189664141,200252922,210108145,219131863,227234396,234335215,240363752,245260090,248975568,251473260,252728343,252728343,251473260,248975568,245260090,240363752,234335215,227234396,219131863,210108145,200252922,189664141,178447037,166713092,154578922,142165122,129595066,116993681,104486206,92196944,80248033,68758226,57841713,47606989,38155770,29581986,21970849,15398000,9928765,5617497,2507045,628322,0,
        0,414892,1655445,3709329,6556132,10167562,14507726,19533489,25194904,31435705,38193868,45402227,52989142,60879211,68994020,77252919,85573828,93874050,102071093,110083492,117831616,125238460,132230413,138737984,144696499,150046739,154735531,158716276,161949412,164402805,166052074,166880826,166880826,166052074,164402805,161949412,158716276,154735531,150046739,144696499,138737984,132230413,125238460,117831616,110083492,102071093,93874050,85573828,77252919,68994020,60879211,52989142,45402227,38193868,31435705,25194904,19533489,14507726,10167562,6556132,3709329,1655445,414892,0,
        0,239087,953970,2137545,3778050,5859180,8360252,11256408,14518867,18115204,22009676,26163580,30535631,35082379,39758635,44517925,49312949,54096052,58819697,63436938,67901888,72170171,76199368,79949434,83383100,86466240,89168213,91462166,93325299,94739096,95689507,96167086,96167086,95689507,94739096,93325299,91462166,89168213,86466240,83383100,79949434,76199368,72170171,67901888,63436938,58819697,54096052,49312949,44517925,39758635,35082379,30535631,26163580,22009676,18115204,14518867,11256408,8360252,5859180,3778050,2137545,953970,239087,0,
        0,108103,431340,966496,1708253,2649241,3780105,5089609,6564736,8190828,9951722,11829918,13806750,15862572,17976951,20128874,22296954,24459644,26595450,28683145,30701982,32631895,34453705,36149305,37701845,39095893,40317596,41354811,42197231,42836482,43266213,43482151,43482151,43266213,42836482,42197231,41354811,40317596,39095893,37701845,36149305,34453705,32631895,30701982,28683145,26595450,24459644,22296954,20128874,17976951,15862572,13806750,11829918,9951722,8190828,6564736,5089609,3780105,2649241,1708253,966496,431340,108103,0,
        0,27305,108950,244123,431480,669159,954799,1285560,1658155,2068882,2513658,2988062,3487381,4006651,4540712,5084256,5631881,6178144,6717618,7244939,7754867,8242334,8702497,9130780,9522929,9875045,10183629,10445614,10658397,10819862,10928406,10982949,10982949,10928406,10819862,10658397,10445614,10183629,9875045,9522929,9130780,8702497,8242334,7754867,7244939,6717618,6178144,5631881,5084256,4540712,4006651,3487381,2988062,2513658,2068882,1658155,1285560,954799,669159,431480,244123,108950,27305,0,
        0,0,0,0,0,0,0,0,0,0,0,0,0,0,0,0,0,0,0,0,0,0,0,0,0,0,0,0,0,0,0,0,0,0,0,0,0,0,0,0,0,0,0,0,0,0,0,0,0,0,0,0,0,0,0,0,0,0,0,0,0,0,0,0
};

stp_int32 hann_win_32x64[32*64] = {
        0,0,0,0,0,0,0,0,0,0,0,0,0,0,0,0,0,0,0,0,0,0,0,0,0,0,0,0,0,0,0,0,
        0,27305,108103,239087,414892,628322,870640,1131924,1401478,1668266,1921365,2150414,2346036,2500221,2606658,2660988,2660988,2606658,2500221,2346036,2150414,1921365,1668266,1401478,1131924,870640,628322,414892,239087,108103,27305,0,
        0,108950,431340,953970,1655445,2507045,3473907,4516447,5591983,6656482,7666364,8580285,9360827,9976036,10400725,10617507,10617507,10400725,9976036,9360827,8580285,7666364,6656482,5591983,4516447,3473907,2507045,1655445,953970,431340,108950,0,
        0,244123,966496,2137545,3709329,5617497,7783929,10119932,12529868,14915075,17177902,19225709,20974658,22353147,23304741,23790481,23790481,23304741,22353147,20974658,19225709,17177902,14915075,12529868,10119932,7783929,5617497,3709329,2137545,966496,244123,0,
        0,431480,1708253,3778050,6556132,9928765,13757871,17886688,22146181,26361966,30361447,33980887,37072104,39508544,41190459,42048990,42048990,41190459,39508544,37072104,33980887,30361447,26361966,22146181,17886688,13757871,9928765,6556132,3778050,1708253,431480,0,
        0,669159,2649241,5859180,10167562,15398000,21336361,27739527,34345351,40883390,47085977,52699176,57493183,61271730,63880123,65211575,65211575,63880123,61271730,57493183,52699176,47085977,40883390,34345351,27739527,21336361,15398000,10167562,5859180,2649241,669159,0,
        0,954799,3780105,8360252,14507726,21970849,30444081,39580526,49006137,58335029,67185275,75194546,82034940,87426412,91148234,93048034,93048034,91148234,87426412,82034940,75194546,67185275,58335029,49006137,39580526,30444081,21970849,14507726,8360252,3780105,954799,0,
        0,1285560,5089609,11256408,19533489,29581986,40990514,53292004,65982834,78543439,90459585,101243426,110453469,117712654,122723788,125281717,125281717,122723788,117712654,110453469,101243426,90459585,78543439,65982834,53292004,40990514,29581986,19533489,11256408,5089609,1285560,0,
        0,1658155,6564736,14518867,25194904,38155770,52870844,68737691,85106719,101307779,116677598,130586932,142466333,151829456,158292974,161592270,161592270,158292974,151829456,142466333,130586932,116677598,101307779,85106719,68737691,52870844,38155770,25194904,14518867,6564736,1658155,0,
        0,2068882,8190828,18115204,31435705,47606989,65967001,85764080,106187732,126401809,145578745,162933435,177755374,189437751,197502288,201618823,201618823,197502288,189437751,177755374,162933435,145578745,126401809,106187732,85764080,65967001,47606989,31435705,18115204,8190828,2068882,0,
        0,2513658,9951722,22009676,38193868,57841713,80148828,104201955,129016358,153576132,176875796,197961460,215969873,230163771,239962052,244963574,244963574,239962052,230163771,215969873,197961460,176875796,153576132,129016358,104201955,80148828,57841713,38193868,22009676,9951722,2513658,0,
        0,2988062,11829918,26163580,45402227,68758226,95275380,123868073,153365718,182560677,210257705,235322883,256730039,273602762,285250280,291195743,291195743,285250280,273602762,256730039,235322883,210257705,182560677,153365718,123868073,95275380,68758226,45402227,26163580,11829918,2988062,0,
        0,3487381,13806750,30535631,52989142,80248033,111196322,144566983,178993816,213067383,245392709,274646390,299630777,319323008,332916879,339855855,339855855,332916879,319323008,299630777,274646390,245392709,213067383,178993816,144566983,111196322,80248033,52989142,30535631,13806750,3487381,0,
        0,4006651,15862572,35082379,60879211,92196944,127753425,166092969,205645948,244793061,281931619,315541166,344245722,366870121,382488115,390460304,390460304,382488115,366870121,344245722,315541166,281931619,244793061,205645948,166092969,127753425,92196944,60879211,35082379,15862572,4006651,0,
        0,4540712,17976951,39758635,68994020,104486206,144782138,188232096,233057235,277422406,319511296,357600780,390131470,415771555,433471329,442506159,442506159,433471329,415771555,390131470,357600780,319511296,277422406,233057235,188232096,144782138,104486206,68994020,39758635,17976951,4540712,0,
        0,5084256,20128874,44517925,77252919,116993681,162113221,210764337,260955249,310631134,357758256,400407225,436831987,465541308,485359825,495476165,495476165,485359825,465541308,436831987,400407225,357758256,310631134,260955249,210764337,162113221,116993681,77252919,44517925,20128874,5084256,0,
        0,5631881,22296954,49312949,85573828,129595066,179574429,233465756,289062729,344089202,396292384,443535072,483883143,515684744,537637913,548843884,548843884,537637913,515684744,483883143,443535072,396292384,344089202,289062729,233465756,179574429,129595066,85573828,49312949,22296954,5631881,0,
        0,6178144,24459644,54096052,93874050,142165122,196992226,256110735,317100329,377464087,434730710,486555696,530817323,565703516,589786029,602078922,602078922,589786029,565703516,530817323,486555696,434730710,377464087,317100329,256110735,196992226,142165122,93874050,54096052,24459644,6178144,0,
        0,6717618,26595450,58819697,102071093,154578922,214193507,278474219,344789399,410424096,472691217,529041539,577168073,615100514,641285902,654652205,654652205,641285902,615100514,577168073,529041539,472691217,410424096,344789399,278474219,214193507,154578922,102071093,58819697,26595450,6717618,0,
        0,7244939,28683145,63436938,110083492,166713092,231007315,300333949,371854753,442641656,509796635,570570357,622474739,663384809,691625703,706041237,706041237,691625703,663384809,622474739,570570357,509796635,442641656,371854753,300333949,231007315,166713092,110083492,63436938,28683145,7244939,0,
        0,7754867,30701982,67901888,117831616,178447037,247266550,321472674,398027403,473796576,545678196,610729420,666287043,710076529,740305133,755735291,755735291,740305133,710076529,666287043,610729420,545678196,473796576,398027403,321472674,247266550,178447037,117831616,67901888,30701982,7754867,0,
        0,8242334,32631895,72170171,125238460,189664141,262809618,341680307,423047233,503579224,579979291,649119607,708169558,754711633,786840394,803240485,803240485,786840394,754711633,708169558,649119607,579979291,503579224,423047233,341680307,262809618,189664141,125238460,72170171,32631895,8242334,0,
        0,8702497,34453705,76199368,132230413,200252922,277482046,360756016,446665586,531693607,612359022,685359380,747706038,796846515,830768996,848084690,848084690,830768996,796846515,747706038,685359380,612359022,531693607,446665586,360756016,277482046,200252922,132230413,76199368,34453705,8702497,0,
        0,9130780,36149305,79949434,138737984,210108145,291138014,378510218,468647731,557860310,642495583,719088572,784503550,836062421,871654359,889822225,889822225,871654359,836062421,784503550,719088572,642495583,557860310,468647731,378510218,291138014,210108145,138737984,79949434,36149305,9130780,0,
        0,9522929,37701845,83383100,144696499,219131863,303641800,394766464,488775199,581819278,670089464,749971966,818196385,871969605,909090145,928038284,928038284,909090145,871969605,818196385,749971966,670089464,581819278,488775199,394766464,303641800,219131863,144696499,83383100,37701845,9522929,0,
        0,9875045,39095893,86466240,150046739,227234396,314869139,409363191,506847956,603332396,694866425,777702631,848449689,904211206,942704300,962353057,962353057,942704300,904211206,848449689,777702631,694866425,603332396,506847956,409363191,314869139,227234396,150046739,86466240,39095893,9875045,0,
        0,10183629,40317596,89168213,154735531,234335215,324708446,422155332,522686386,622185856,716580221,802004966,874962790,932466792,972162751,992425511,992425511,972162751,932466792,874962790,802004966,716580221,622185856,522686386,422155332,324708446,234335215,154735531,89168213,40317596,10183629,0,
        0,10445614,41354811,91462166,158716276,240363752,333061935,433015751,536133080,638192285,735015051,822637443,897472189,956455546,997172728,1017956770,1017956770,997172728,956455546,897472189,822637443,735015051,638192285,536133080,433015751,333061935,240363752,158716276,91462166,41354811,10445614,0,
        0,10658397,42197231,93325299,161949412,245260090,339846585,441836514,547054398,651192603,749987701,839395008,915754177,975939057,1017485670,1038693094,1038693094,1017485670,975939057,915754177,839395008,749987701,651192603,547054398,441836514,339846585,245260090,161949412,93325299,42197231,10658397,0,
        0,10819862,42836482,94739096,164402805,248975568,344994966,448529955,555341798,661057608,761349366,852111116,929627061,990723689,1032899698,1054428396,1054428396,1032899698,990723689,929627061,852111116,761349366,661057608,555341798,448529955,344994966,248975568,164402805,94739096,42836482,10819862,0,
        0,10928406,43266213,95689507,166052074,251473260,348455913,453029552,560912919,667689256,768987129,860659389,938952965,1000662507,1043261620,1065006291,1065006291,1043261620,1000662507,938952965,860659389,768987129,667689256,560912919,453029552,348455913,251473260,166052074,95689507,43266213,10928406,0,
        0,10982949,43482151,96167086,166880826,252728343,350195029,455290586,563712390,671021640,772825082,864954871,943639204,1005656733,1048468455,1070321652,1070321652,1048468455,1005656733,943639204,864954871,772825082,671021640,563712390,455290586,350195029,252728343,166880826,96167086,43482151,10982949,0,
        0,10982949,43482151,96167086,166880826,252728343,350195029,455290586,563712390,671021640,772825082,864954871,943639204,1005656733,1048468455,1070321652,1070321652,1048468455,1005656733,943639204,864954871,772825082,671021640,563712390,455290586,350195029,252728343,166880826,96167086,43482151,10982949,0,
        0,10928406,43266213,95689507,166052074,251473260,348455913,453029552,560912919,667689256,768987129,860659389,938952965,1000662507,1043261620,1065006291,1065006291,1043261620,1000662507,938952965,860659389,768987129,667689256,560912919,453029552,348455913,251473260,166052074,95689507,43266213,10928406,0,
        0,10819862,42836482,94739096,164402805,248975568,344994966,448529955,555341798,661057608,761349366,852111116,929627061,990723689,1032899698,1054428396,1054428396,1032899698,990723689,929627061,852111116,761349366,661057608,555341798,448529955,344994966,248975568,164402805,94739096,42836482,10819862,0,
        0,10658397,42197231,93325299,161949412,245260090,339846585,441836514,547054398,651192603,749987701,839395008,915754177,975939057,1017485670,1038693094,1038693094,1017485670,975939057,915754177,839395008,749987701,651192603,547054398,441836514,339846585,245260090,161949412,93325299,42197231,10658397,0,
        0,10445614,41354811,91462166,158716276,240363752,333061935,433015751,536133080,638192285,735015051,822637443,897472189,956455546,997172728,1017956770,1017956770,997172728,956455546,897472189,822637443,735015051,638192285,536133080,433015751,333061935,240363752,158716276,91462166,41354811,10445614,0,
        0,10183629,40317596,89168213,154735531,234335215,324708446,422155332,522686386,622185856,716580221,802004966,874962790,932466792,972162751,992425511,992425511,972162751,932466792,874962790,802004966,716580221,622185856,522686386,422155332,324708446,234335215,154735531,89168213,40317596,10183629,0,
        0,9875045,39095893,86466240,150046739,227234396,314869139,409363191,506847956,603332396,694866425,777702631,848449689,904211206,942704300,962353057,962353057,942704300,904211206,848449689,777702631,694866425,603332396,506847956,409363191,314869139,227234396,150046739,86466240,39095893,9875045,0,
        0,9522929,37701845,83383100,144696499,219131863,303641800,394766464,488775199,581819278,670089464,749971966,818196385,871969605,909090145,928038284,928038284,909090145,871969605,818196385,749971966,670089464,581819278,488775199,394766464,303641800,219131863,144696499,83383100,37701845,9522929,0,
